  0.13888890 ,   7.16666650 ,   0
  0.15444015 ,  11.67181500 ,   8
  0.16129032 ,   9.95564600 ,   0
  0.14184397 ,  10.81205700 ,   0
  0.13793103 ,  10.64482800 ,   0
  0.13114753 ,   8.93442600 ,   0
  0.15037593 ,  12.40601500 ,   8
  0.14234875 ,  10.72953700 ,   0
  0.12158055 ,   8.94224900 ,   0
  0.13793103 ,  11.83448300 ,   0
  0.13029316 ,   9.54397400 ,   0
  0.12903225 ,  11.94838700 ,   5
  0.13245033 ,  10.58940400 ,   0
  0.12195122 ,  10.49695100 ,   0
  0.16000000 ,  13.66800000 ,   0
  0.13157895 ,  11.61842100 ,   0
  0.11049724 ,   9.66574600 ,   0
  0.10723861 ,  10.16085800 ,   0
  0.11396012 ,  10.60683700 ,  13
  0.10554089 ,  10.31926200 ,   0
  0.11730205 ,  12.95307900 ,  12
  0.09501188 ,  10.47505950 ,   0
  0.11764706 ,  12.04117700 ,   5
  0.09803922 ,   9.62254900 ,   0
  0.10869565 ,  10.89945700 ,   0
  0.10840108 ,  11.52574500 ,   2
  0.09638554 ,  11.45060300 ,   0
  0.10362694 ,  10.54922300 ,   0
  0.08830022 ,   9.61589400 ,   2
  0.11049724 ,  13.87569000 ,   1
  0.07952286 ,  10.71371700 ,  25
  0.09925558 ,  10.71464100 ,   0
  0.08565310 ,  10.28479700 ,   0
  0.09523810 ,  10.16190400 ,   0
  0.08264463 ,   8.39876100 ,   0
  0.09111618 ,  12.58314300 ,   3
  0.09302326 ,  11.98837200 ,   5
  0.08385744 ,   8.41719100 ,   0
  0.08547009 ,  10.38675200 ,   0
  0.07984032 ,  10.26546900 ,   0
  0.09592326 ,  11.58033600 ,  10
  0.09132420 ,  10.73744300 ,   0
  0.10752688 ,  13.37365600 ,   0
  0.08771930 ,  11.34868400 ,   0
  0.07766990 ,   9.80000000 ,   0
  0.08658009 ,  12.74891800 ,   1
  0.07707129 ,  11.87861250 ,   0
  0.08350731 ,  13.07515600 ,   0
  0.07604562 ,  13.38403000 ,   0
  0.08016032 ,  11.97595200 ,   0
  0.07339449 ,  11.05871600 ,   0
  0.08333334 ,  10.90416600 ,   0
  0.08620690 ,  12.67672400 ,   0
  0.06339144 ,   8.97781300 ,   0
  0.08048290 ,  10.59959800 ,   0
  0.06968641 ,  11.14459900 ,   0
  0.06896552 ,  10.97586250 ,  26
  0.07905138 ,  10.72134400 ,   0
  0.06711409 ,   9.88926200 ,   0
  0.07575758 ,  12.45454500 ,   0
  0.06633499 ,  11.07628500 ,   0
  0.06125574 ,   9.98774900 ,   0
  0.07017544 ,  13.21579000 ,   0
  0.07326008 ,  10.18131800 ,   0
  0.07117438 ,  12.10142300 ,   0
  0.06589786 ,  11.34596350 ,   0
  0.06589786 ,  12.49093900 ,  28
  0.05221932 ,   9.01827700 ,   0
  0.06791171 ,  11.40068000 ,   0
  0.07029877 ,  12.05448150 ,  11
  0.05865103 ,  10.25513200 ,   0
  0.07920792 ,  14.64752500 ,   0
  0.05970149 ,  12.99701500 ,  25
  0.05722461 ,  10.11588000 ,   0
  0.06688963 ,  13.84113700 ,   0
  0.06814310 ,  13.21805800 ,   0
  0.06768189 ,  12.75803800 ,   7
  0.06535948 ,  12.03268000 ,   7
  0.05830904 ,  13.22886300 ,  38
  0.07677543 ,  15.00767700 ,   0
  0.06861063 ,  13.09433900 ,  15
  0.06182380 ,  10.81916500 ,   6
  0.06309148 ,  12.19873800 ,   0
  0.05524862 ,  10.75828700 ,   0
  0.05813954 ,  11.29505800 ,   0
  0.05383580 ,   9.64199200 ,   0
  0.05625879 ,  10.55836900 ,   0
  0.06611570 ,  12.75867750 ,  17
  0.05547850 ,  11.56172000 ,   0
  0.05805515 ,  11.48330900 ,   0
  0.05457026 ,  11.23874500 ,   0
  0.05822416 ,  11.63318800 ,   1
  0.05108557 ,  11.50063900 ,   0
  0.05069708 ,  10.39797200 ,   0
  0.05822416 ,  12.25036400 ,   0
  0.04705882 ,  11.47058900 ,   9
  0.05319149 ,  10.40824500 ,   0
  0.04602992 ,  10.08170300 ,   0
  0.07518797 ,  15.07330800 ,   3
  0.04895961 ,  10.57037900 ,   0
  0.04944376 ,  11.39307800 ,  22
  0.05031446 ,  10.91572300 ,   0
  0.05256242 ,  12.54139300 ,   8
  0.04813478 ,  10.64139600 ,  34
  0.04645761 ,  11.94425100 ,   0
  0.05839416 ,  12.46277300 ,  25
  0.04640371 ,  10.96287700 ,  25
  0.04926108 ,  13.51724150 ,  20
  0.05383580 ,  12.53701200 ,   0
  0.04944376 ,  13.31767700 ,   6
  0.04728132 ,  10.65602900 ,   0
  0.05115090 ,  11.87851600 ,   0
  0.05457026 ,  13.37653400 ,   0
  0.04056795 ,  10.99290100 ,   1
  0.04926108 ,  13.23275850 ,   0
  0.04077472 ,  10.40061200 ,   1
  0.04895961 ,  13.04406400 ,   9
  0.04352557 ,  10.99129500 ,  38
  0.04694836 ,  10.71948300 ,  10
  0.04634994 ,  11.71726500 ,   0
  0.04683841 ,  13.03981300 ,  49
  0.05128205 ,  15.58974400 ,   9
  0.04310345 ,  12.35237000 ,  11
  0.04634994 ,  12.17033600 ,   0
  0.04545455 ,  12.10000000 ,   0
  0.04602992 ,  13.42577650 ,  18
  0.04214963 ,  12.65121200 ,  27
  0.04127967 ,  10.86790500 ,   0
  0.04836759 ,  12.34703700 ,  10
  0.04110997 ,  12.54059600 ,  17
  0.05763689 ,  13.48126800 ,   0
  0.03875969 ,   9.75096900 ,   0
  0.04385965 ,  12.02302600 ,   0
  0.04171012 ,  11.17622600 ,  23
  0.04454343 ,  13.12360800 ,  16
  0.04028197 ,  10.92749200 ,   0
  0.04489338 ,  14.00897900 ,  25
  0.04106776 ,  10.79876800 ,  38
  0.04662004 ,  11.16899800 ,   0
  0.04618938 ,  14.98614300 ,  65
  0.04489338 ,  13.55555500 ,  23
  0.03872217 ,  11.54211000 ,   7
  0.03853565 ,  11.67437400 ,   5
  0.04119464 ,  13.75798100 ,   0
  0.03853565 ,  11.61175300 ,  21
  0.04171012 ,  12.17518200 ,  14
  0.04255319 ,  12.47021300 ,   0
  0.04509583 ,  12.62570500 ,   0
  0.03883495 ,  11.84757300 ,   2
  0.03827751 ,  12.19808600 ,   0
  0.03683241 ,  10.66114100 ,   0
  0.04561003 ,  14.03534800 ,   0
  0.03623188 ,  12.74456500 ,  15
  0.03960396 ,  12.35148500 ,   0
  0.04197272 ,  13.70304300 ,   0
  0.03835091 ,  13.19654800 , 108
  0.03619910 ,  11.76199100 ,   0
  0.04264392 ,  10.55650300 ,   0
  0.03795066 ,  10.37476300 ,   8
  0.03220612 ,  10.01690900 ,   0
  0.03481288 ,  11.81897300 ,   7
  0.02840909 ,   8.34446050 ,   0
  0.03539823 ,  11.64159300 ,   0
  0.03344481 ,  13.01839400 ,  51
  0.03442341 ,  12.63855500 ,  30
  0.03762935 ,  11.61429900 ,   0
  0.03172086 ,  11.13957200 ,   0
  0.03415884 ,  13.27412500 ,   0
  0.03527337 ,  11.43209800 ,   7
  0.03478261 ,  10.22869600 ,   0
  0.03734827 ,  12.70681600 ,   0
  0.04419890 ,  12.28618800 ,   6
  0.03787879 ,  13.72348500 ,   0
  0.03311258 ,  10.80463600 ,   0
  0.02971768 ,  10.83432400 ,   0
  0.03505697 ,  10.96669600 ,   0
  0.03236246 ,  12.54692600 ,   0
  0.03571429 ,  12.09017850 ,   0
  0.03466205 ,  11.81282500 ,   0
  0.03223207 ,  13.90975000 ,  35
  0.03633061 ,  13.39691200 ,   0
  0.03472222 ,  11.00086800 ,   4
  0.03600360 ,  11.69757000 ,   0
  0.02978406 ,  10.23454950 ,  14
  0.03028009 ,   9.16048400 ,   0
  0.03215434 ,  12.15273300 ,   0
  0.03439381 ,  13.58383500 ,   0
  0.03347280 ,  13.20585700 ,   0
  0.03162055 ,  11.09090900 ,   0
  0.02976190 ,  11.67336300 ,  27
  0.02873563 ,  10.12571800 ,  36
  0.03410060 ,  11.35549800 ,   0
  0.02954210 ,  11.97341250 ,  99
  0.02967359 ,  11.83086000 ,  29
  0.03132341 ,  14.30227100 ,  35
  0.02444988 ,   9.99755500 ,  99
  0.02656043 ,  11.25166000 ,   0
  0.03276003 ,  14.09336600 ,  12
  0.03088803 ,  11.84169900 ,   0
  0.03502627 ,  13.44133100 ,  28
  0.02734108 ,  11.27341100 ,  61
  0.03626473 ,  14.36446100 ,  26
  0.02865330 ,  10.18481350 ,  36
  0.03192338 ,  14.23064600 ,   0
  0.03194888 ,  11.32587800 ,   4
  0.02722941 ,   9.89993200 ,   0
  0.03005259 ,  12.62509300 ,  33
  0.03421728 ,  13.60564600 ,   0
  0.02994012 ,  12.82709600 ,   0
  0.02867384 ,  12.06594900 ,  46
  0.03289474 ,  12.34950600 ,   0
  0.02900653 ,  11.46337900 ,   0
  0.02719239 ,  10.67641100 ,   0
  0.03007519 ,  12.50827000 ,   0
  0.03530450 ,  13.86672600 ,   0
  0.03030303 ,  14.13560600 ,  92
  0.02956393 ,  11.81153000 ,   0
  0.03177125 ,  13.57585400 ,   0
  0.03041825 ,  14.97870700 ,  60
  0.02766252 ,  11.04910100 ,   0
  0.03308519 ,  15.11745300 ,   0
  0.03257329 ,  15.36889300 ,   0
  0.02599090 ,  12.23586750 , 201
  0.03016591 ,  12.89894400 ,   0
  0.03125000 ,  13.51640600 ,  86
  0.02830856 ,  11.83581100 ,   8
  0.02549395 ,  10.46144000 ,   0
  0.02799160 ,  12.61931400 ,   0
  0.02913328 ,  12.04005800 ,   0
  0.02980626 ,  12.30998500 ,  58
  0.03197442 ,  14.35012000 ,   0
  0.02622951 ,  11.63016400 ,   0
  0.02711864 ,  11.77491600 ,   6
  0.03009782 ,  12.89842000 ,   5
  0.02425713 ,  10.23772000 ,   0
  0.02610966 ,  12.17297650 ,   0
  0.02787456 ,  12.22160200 ,   0
  0.02807018 ,  12.31649100 ,   0
  0.02808989 ,  12.36868000 ,   0
  0.02321532 ,  12.89959300 ,  83
  0.03367003 ,  15.95875500 , 133
  0.02768166 ,  11.60346000 ,   1
  0.03177125 ,  14.24702200 ,  19
  0.02240896 ,  10.63809500 ,   9
  0.02680965 ,  12.60992000 ,   8
  0.02962963 ,  11.78963000 ,   0
  0.02267574 ,   9.96882100 ,   0
  0.02515723 ,  13.38176100 , 117
  0.02314815 ,  10.88599500 ,  16
  0.02421308 ,   9.99515700 ,   0
  0.02577320 ,  11.29832500 ,   0
  0.02542912 ,  12.60330600 , 123
  0.02380952 ,  10.45535800 ,   0
  0.02475248 ,  12.03094100 ,  15
  0.02541296 ,  13.28399000 ,  67
  0.02801120 ,  12.48459300 ,   4
  0.02682763 ,  12.25486300 ,  54
  0.02751032 ,  12.15543400 ,   3
  0.02840909 ,  13.85511400 ,  69
  0.02915452 ,  13.20918400 ,   0
  0.02562460 ,  13.51953900 ,  36
  0.02463054 ,  11.76539400 ,   0
  0.03021148 ,  13.88972900 ,   0
  0.02379536 ,  11.95954800 ,  16
  0.02504696 ,  10.87288700 ,  17
  0.02538071 ,  11.74619300 ,  32
  0.02392345 ,  12.80143500 ,  13
  0.02552648 ,  13.48755550 ,  23
  0.02150538 ,  10.92688200 ,   0
  0.02481390 ,  10.79032200 ,   0
  0.02340550 ,  10.84493800 ,   7
  0.02610966 ,  10.29569150 ,   0
  0.02490660 ,  11.41843100 ,   0
  0.02191781 ,  12.30246500 ,   4
  0.02316155 ,  10.74001100 ,   0
  0.02140182 ,  10.90797200 ,   0
  0.02682763 ,  12.48759200 ,   0
  0.02306805 ,  11.54613600 ,   0
  0.02212389 ,  11.67422600 ,   0
  0.02275313 ,  12.27190000 ,  93
  0.02376708 ,  13.11289400 ,   1
  0.02238388 ,  10.01790700 ,   0
  0.02067184 ,  10.10180900 ,   0
  0.02679170 ,  14.92699200 ,  62
  0.02293578 ,  14.00229400 ,  25
  0.02034588 ,  11.63886100 ,  49
  0.02253521 ,  12.35380300 , 108
  0.02362670 ,  13.35735400 , 170
  0.02285714 ,  12.08571400 ,  14
  0.02333722 ,  13.32030300 ,  50
  0.02785515 ,  14.29317600 ,   6
  0.02610966 ,  14.18668400 ,  67
  0.02405292 ,  14.63259100 ,   0
  0.02875629 ,  16.66642800 ,   2
  0.02131060 ,  10.48588200 ,   0
  0.02555910 ,  14.22172500 ,   0
  0.02123142 ,  11.30838700 ,   0
  0.02007025 ,  10.87155100 ,   0
  0.02346041 ,  12.10791800 ,  87
  0.02195390 ,  14.98408300 ,  91
  0.02141328 ,  10.48768700 ,   0
  0.02132196 ,  11.69189700 ,   0
  0.02250985 ,  12.72594300 ,   0
  0.02285714 ,  14.09485700 ,  82
  0.02437538 ,  16.07861100 , 185
  0.02179836 ,  10.29809300 ,   0
  0.02220988 ,  11.47251500 ,   0
  0.02042901 ,   9.96118450 ,   0
  0.02056555 ,  12.25552700 ,   0
  0.02364066 ,  14.39066200 ,  39
  0.02544529 ,  14.29452900 ,   0
  0.02190581 ,  13.88828100 ,  38
  0.02331002 ,  12.02331000 ,   0
  0.02200220 ,  11.62211200 ,   0
  0.02192982 ,  11.93366200 ,   2
  0.02482930 ,  13.90689000 ,  15
  0.02114165 ,  13.10306550 ,  66
  0.02036660 ,  13.48065200 ,  45
  0.01830664 ,  10.16338600 ,   1
  0.02066116 ,  12.26601200 ,  54
  0.02021223 ,  11.23547300 ,   0
  0.02007025 ,   9.96588000 ,   0
  0.02089864 ,  13.06478600 ,  66
  0.02140182 ,  13.10647400 ,   0
  0.01958864 ,  10.48726750 ,  13
  0.01876173 ,  10.12570400 ,   0
  0.01929571 ,  11.29184700 ,   0
  0.02297530 ,  11.00229700 ,   0
  0.01932367 ,  12.83429900 ,  83
  0.02072539 ,   9.67253900 ,   0
  0.02125398 ,  13.29489900 ,   0
  0.02314815 ,  13.77199100 ,   0
  0.02640264 ,  15.17623800 ,   1
  0.01931434 ,  12.91550000 ,  54
  0.02000000 ,  11.94350000 ,  27
  0.01833181 ,  12.23143900 ,   0
  0.01776988 ,  10.58107500 ,   1
  0.01936108 ,  10.73281700 ,   0
  0.02080083 ,  13.58138400 ,   0
  0.01857010 ,  11.22005600 ,   0
  0.02053388 ,  11.75256600 ,   0
  0.02042901 ,  11.17262600 ,  34
  0.01908397 ,  13.07633600 ,  11
  0.02218525 ,  13.36439200 ,  18
  0.02070393 ,  13.42598300 ,  55
  0.01931434 ,  13.35393500 ,   0
  0.01834862 ,  10.56009200 ,   0
  0.01885903 ,  11.13389900 ,  16
  0.02011061 ,  11.75615900 ,  54
  0.02037697 ,  11.94905800 ,   0
  0.01905669 ,  11.90233400 ,   0
  0.01805054 ,  12.33619100 ,  41
  0.02227172 ,  12.92260550 ,   0
  0.02028398 ,  13.39959400 ,   0
  0.02080083 ,  11.70358850 ,  23
  0.02114165 ,  12.98520100 ,   0
  0.02087683 ,  13.31628400 ,   0
  0.01925855 ,  12.45305700 ,   0
  0.01725626 ,   9.81190700 ,   0
  0.01827318 ,  11.06943800 ,   0
  0.02048131 ,  12.07322000 ,   0
  0.01787310 ,  12.24396800 ,  63
  0.01654260 ,  13.88172100 , 283
  0.01893043 ,  12.46710900 ,   2
  0.01851852 ,  11.28472200 ,   0
  0.01889466 ,  11.54133200 ,   0
  0.01866542 ,  12.46103600 , 128
  0.02124270 ,  12.66702100 ,  39
  0.01660440 ,  11.73765100 ,   0
  0.02115283 ,  15.20412400 , 171
  0.01860465 ,  11.34697600 ,   0
  0.01871783 ,  12.68273300 ,   0
  0.01793722 ,  11.80269050 ,  15
  0.01879699 ,  12.11231200 ,   0
  0.01722653 ,  11.65374700 ,  14
  0.01768347 ,  12.31255500 ,   0
  0.02054443 ,  11.72316400 ,   0
  0.01859600 ,  13.26685200 ,   0
  0.01866542 ,  12.33411100 ,  45
  0.01846722 ,  12.60480100 ,  85
  0.01961746 ,  13.59588050 ,  32
  0.02114165 ,  15.94978900 ,  85
  0.01889466 ,  14.14265400 ,  71
  0.01747488 ,  13.30450000 , 136
  0.01761339 ,  13.10259800 ,   0
  0.01601281 ,  12.00560500 ,   0
  0.01934236 ,  14.45841400 ,  15
  0.01971414 ,  14.60571700 ,  54
  0.01766004 ,  12.75011100 ,  59
  0.01706485 ,  12.24061400 ,   6
  0.01682086 ,  11.05466700 ,  67
  0.01814059 ,  12.29523850 ,   0
  0.01859600 ,  13.35053400 ,   0
  0.01707942 ,  12.68872700 ,  46
  0.01721911 ,  13.41627200 ,   0
  0.01832341 ,  13.08474500 ,   0
  0.01647446 ,  10.97446400 ,   0
  0.01878816 ,  14.49084100 ,  39
  0.01575423 ,  11.85230400 , 151
  0.01821494 ,  13.57877900 ,   0
  0.01839080 ,  14.66482700 ,  25
  0.01602564 ,  11.95593000 ,   0
  0.01607071 ,  11.51667300 ,   0
  0.01969473 ,  13.27621800 ,  13
  0.01694915 ,  13.45296600 ,   0
  0.01978239 ,  14.59198900 ,  47
  0.01682086 ,  12.23380900 ,  23
  0.01766784 ,  13.02076000 ,   2
  0.01650165 ,   9.97896000 ,   0
  0.01610954 ,  10.85098650 ,   0
  0.01751314 ,  12.73161100 ,   0
  0.01663202 ,  11.72141400 ,   0
  0.01752848 ,  10.43821200 ,  53
  0.01866542 ,  13.48856700 ,   0
  0.01538462 ,   9.69269300 ,   0
  0.01815706 ,  15.04811600 , 105
  0.01561280 ,  11.65144400 ,   5
  0.01788909 ,  14.81171700 ,  65
  0.01726370 ,  12.29952500 ,   0
  0.01753617 ,  13.87417800 , 156
  0.01814059 ,  13.15283500 ,   3
  0.01546790 ,   9.93387500 , 114
  0.01594261 ,  12.14467900 ,   0
  0.01569859 ,  14.39442700 ,  70
  0.01589194 ,  12.46762000 ,  13
  0.01778568 ,  11.03823950 ,   0
  0.01876173 ,  14.68761700 ,  28
  0.01774623 ,  14.65705400 ,   6
  0.01774623 ,  12.25510200 ,   0
  0.01818182 ,  15.27818200 , 140
  0.01575423 ,  13.50059000 ,  23
  0.01761339 ,  14.76794300 ,  20
  0.01688476 ,  11.22203400 ,   0
  0.01788909 ,  13.71109100 ,  49
  0.01949318 ,  14.42349000 ,   0
  0.01574803 ,  14.28464600 , 531
  0.01639344 ,  11.70655700 ,  21
  0.01665973 ,  13.34069200 ,   0
  0.01475470 ,  12.71117700 ,   6
  0.01542615 ,  11.91477000 , 118
  0.01640016 ,  11.69741700 ,   0
  0.01603849 ,  14.80874100 , 222
  0.01537279 ,  11.56956200 ,   0
  0.01405975 ,   9.40597500 ,   0
  0.01600000 ,  12.35480000 ,   0
  0.01792918 ,  14.77902300 ,  10
  0.01566784 ,  11.45280100 ,   0
  0.01698514 ,  13.21656000 ,   0
  0.01699235 ,  14.17374700 ,  61
  0.01495327 ,  11.26729000 ,  73
  0.01688476 ,  12.33685100 ,   0
  0.01396648 ,  11.03142450 ,   0
  0.01497006 ,  10.48914600 ,   0
  0.01430615 ,  12.54184500 ,  45
  0.01502065 ,  10.28313900 ,   0
  0.01396648 ,  12.08065600 , 204
  0.01570475 ,  15.28111500 , 374
  0.01431127 ,  11.12057200 ,  32
  0.01641362 ,  13.21871200 , 106
  0.01589825 ,  10.85214600 ,   0
  0.01536098 ,  11.52611350 ,  48
  0.01449275 ,  11.84094200 ,  47
  0.01819009 ,  14.41200500 ,   0
  0.01541426 ,  13.13795800 ,   0
  0.01513432 ,  12.52856600 ,  15
  0.01420455 ,  12.78586700 , 117
  0.01508296 ,  10.85897400 ,   0
  0.01557026 ,  11.61424600 ,   0
  0.01627339 ,  12.90480000 ,   0
  0.01448750 ,  11.95436500 ,   0
  0.01698514 ,  16.08832400 ,   7
  0.01344538 ,  13.76773100 , 135
  0.01398601 ,  12.29195800 ,  16
  0.01594896 ,  11.47886800 ,   0
  0.01631987 ,  13.52835600 ,   0
  0.01463058 ,  11.52633500 ,  80
  0.01565558 ,  12.00900200 ,   0
  0.01426025 ,  12.47272700 ,   0
  0.01375516 ,  12.34869300 ,   0
  0.01509434 ,  11.20415100 ,   0
  0.01357313 ,  11.66101100 ,   0
  0.01601922 ,  15.28834600 , 123
  0.01338688 ,  11.84270400 ,   0
  0.01495327 ,  13.67364500 ,  58
  0.01371742 ,  12.98525300 ,   4
  0.01252348 ,  10.19380100 ,   7
  0.01488649 ,  13.09564600 , 178
  0.01543210 ,  13.43672850 ,  29
  0.01441441 ,  10.76000000 ,  59
  0.01439885 ,  10.54391700 ,   0
  0.01466276 ,  13.05351900 ,   0
  0.01287416 ,  12.16478900 ,   0
  0.01312767 ,  13.38267100 , 231
  0.01690617 ,  14.32586700 ,   0
  0.01568012 ,  12.76989500 ,   0
  0.01396648 ,  10.81250000 ,   0
  0.01457195 ,  13.38652100 ,  21
  0.01313629 ,  11.72873600 ,  96
  0.01345442 ,  14.59031300 , 166
  0.01284522 ,  11.31567100 ,   0
  0.01328904 ,  12.13986700 ,  25
  0.01231527 ,  11.35806700 ,  52
  0.01509434 ,  13.41056600 ,   0
  0.01504325 ,  12.88078200 ,  41
  0.01514578 ,  14.09163200 , 113
  0.01400070 ,  11.75953800 ,   0
  0.01630656 ,  14.48838100 ,   0
  0.01456134 ,  12.85256700 ,   0
  0.01466813 ,  12.10047600 ,  32
  0.01275917 ,  10.36682600 ,   0
  0.01386963 ,  12.02323150 ,   0
  0.01479837 ,  13.11394800 ,  10
  0.01519757 ,  13.97948400 ,   0
  0.01404988 ,  15.04882300 ,  56
  0.01475470 ,  12.92512000 ,   0
  0.01714531 ,  17.26060900 ,  37
  0.01434206 ,  11.87522400 ,  54
  0.01375516 ,  12.70701500 ,  21
  0.01455075 ,  12.15823900 ,  34
  0.01158413 ,  11.59021200 ,   0
  0.01353638 ,  11.32724200 ,  22
  0.01344086 ,  14.39482500 ,   0
  0.01306336 ,  11.14598300 ,  99
  0.01355014 ,  11.64126000 ,   0
  0.01416932 ,  12.61672000 ,  40
  0.01229634 ,  12.53427600 ,   0
  0.01404988 ,  14.70776300 , 225
  0.01285347 ,  14.47011600 , 286
  0.01480385 ,  13.43486300 ,   0
  0.01279181 ,  14.69331600 , 194
  0.01313629 ,  11.69425300 ,  13
  0.01561890 ,  13.54783250 ,  19
  0.01486989 ,  14.59888500 ,  40
  0.01679261 ,  15.57094900 ,   0
  0.01265422 ,  10.82473900 ,   0
  0.01676446 ,  15.70452600 , 139
  0.01326260 ,  14.51856800 , 218
  0.01433692 ,  14.07204300 ,   0
  0.01344086 ,  13.57022900 , 174
  0.01362862 ,  11.14616700 ,   0
  0.01468429 ,  14.17180600 ,   0
  0.01351351 ,  12.16790600 ,   0
  0.01221001 ,  12.64011000 , 202
  0.01549187 ,  15.29047200 ,   0
  0.01246494 ,  12.00280500 , 104
  0.01294917 ,  12.22013600 ,   0
  0.01344990 ,  13.30598500 , 185
  0.01421969 ,  13.30572300 ,  34
  0.01399580 ,  13.06962900 ,   0
  0.01417937 ,  12.48564300 ,   0
  0.01076137 ,   9.19424250 ,  20
  0.01352722 ,  11.42644600 ,   0
  0.01329345 ,  11.28747100 ,   0
  0.01538462 ,  13.93807700 ,  62
  0.01333333 ,  14.62066650 ,   0
  0.01383126 ,  10.84751000 ,   0
  0.01396648 ,  12.91864500 ,   0
  0.01404494 ,  13.09936800 ,   0
  0.01336898 ,  11.21657800 ,   0
  0.01239157 ,  12.74132600 ,  47
  0.01180289 ,  13.46798400 ,  70
  0.01375043 ,   9.82880700 ,   0
  0.01229634 ,  11.31232700 ,   0
  0.01229634 ,  14.18014100 , 321
  0.01247272 ,  11.09416900 ,   9
  0.01277955 ,  13.11341900 ,  27
  0.01200120 ,  11.82898300 ,   0
  0.01210287 ,  11.61391800 ,   0
  0.01243008 ,  13.80298300 , 141
  0.01240695 ,  12.90911900 ,  81
  0.01417937 ,  11.54626000 ,   0
  0.01361007 ,  14.44777100 , 107
  0.01362398 ,  10.42813400 ,  30
  0.01247272 ,  13.79170600 , 104
  0.01344538 ,  12.11563000 ,   0
  0.01369863 ,  14.18219200 ,   0
  0.01265022 ,  14.69639500 , 276
  0.01244555 ,  12.08245200 ,   0
  0.01299123 ,  12.16823700 ,  56
  0.01246106 ,  11.90810000 ,  19
  0.01482580 ,  15.99666400 ,  27
  0.01209921 ,  11.61312800 ,   0
  0.01099807 ,  12.20896300 , 106
  0.01305909 ,  12.39928150 ,   9
  0.01398601 ,  13.68566400 ,  25
  0.01288660 ,  13.65367200 , 164
  0.01185888 ,  12.12807600 ,   0
  0.01258653 ,  11.96255500 ,   0
  0.01496446 ,  14.82716100 ,  59
  0.01174743 ,  11.26696000 ,   0
  0.01203008 ,  11.20421000 ,   0
  0.01263823 ,  14.17156400 ,  66
  0.01404494 ,  14.84585700 , 143
  0.01128987 ,  11.18204900 ,   9
  0.01234187 ,  15.33014500 , 282
  0.01149425 ,  12.19511500 ,   0
  0.01118881 ,  13.59916100 , 186
  0.01147118 ,  11.85689700 ,   0
  0.01308900 ,  14.30006500 ,  70
  0.01352722 ,  12.79235700 ,   0
  0.01208094 ,  11.59347600 ,   0
  0.01243394 ,  14.29965800 ,  25
  0.01559454 ,  16.17348900 ,   0
  0.01131222 ,  12.98784000 ,   0
  0.01077877 ,   9.86391800 ,   0
  0.01149756 ,  10.22966400 ,   0
  0.01154401 ,  11.69899000 ,   0
  0.01205545 ,  12.93128400 ,   0
  0.01321440 ,  13.55830900 ,  83
  0.01039501 ,  10.78378400 , 166
  0.01154401 ,  11.55295850 ,   0
  0.01176471 ,  11.51705800 ,   0
  0.01248829 ,  14.38901000 ,   0
  0.01086366 ,  12.65616500 , 135
  0.01078458 ,  10.84578000 , 197
  0.01137010 ,  12.43064200 ,  19
  0.01241465 ,  11.90689000 ,   0
  0.01207729 ,  15.07306800 , 227
  0.01287830 ,  13.85350900 ,   0
  0.01108955 ,  10.15774900 ,   0
  0.01020148 ,  12.66335100 , 120
  0.01289906 ,  13.46855800 ,   3
  0.01206273 ,  15.12515100 ,  85
  0.01232666 ,  12.33343600 ,  83
  0.01121076 ,  10.93105400 ,  10
  0.01174053 ,  10.80569500 ,   9
  0.01183432 ,  12.16390500 ,  31
  0.00995768 ,  11.18297200 ,  48
  0.01238774 ,  12.39021400 ,   0
  0.01309758 ,  13.93811400 ,   0
  0.01083424 ,  12.53169100 ,  84
  0.01162115 ,  13.74985500 , 149
  0.01066951 ,  11.80848200 ,   0
  0.01143838 ,  10.90877900 ,   0
  0.01095590 ,  11.97699300 ,  43
  0.01239926 ,  14.88406700 , 109
  0.01182382 ,  13.95418300 , 252
  0.01023280 ,  10.50140700 ,  27
  0.01120762 ,  13.01681100 ,   0
  0.01267427 ,  15.60931600 ,   0
  0.01140576 ,  12.20045700 ,  19
  0.01124543 ,  13.28310400 , 197
  0.01254705 ,  12.88582200 ,   0
  0.01271456 ,  13.28130900 ,   0
  0.00993295 ,  11.01688600 ,   9
  0.01251173 ,  14.21926800 ,  60
  0.01156404 ,  12.30673600 ,   4
  0.01186944 ,  13.07240400 , 100
  0.01028807 ,  11.50823000 , 136
  0.01026958 ,  13.12760000 ,  64
  0.01043297 ,  10.95461700 ,   0
  0.01003009 ,  10.33024000 ,  14
  0.01308045 ,  15.15009800 , 230
  0.01067806 ,  10.91617700 ,  77
  0.01307617 ,  14.12160900 ,   0
  0.01284109 ,  13.80513700 ,   0
  0.01095590 ,  14.01506400 ,   0
  0.01124227 ,  11.31506400 ,   7
  0.01021450 ,  10.46067400 ,   0
  0.00988875 ,  11.66378200 ,   0
  0.00935454 ,  10.98152400 ,   0
  0.01144165 ,  12.56779200 , 130
  0.01152074 ,  15.70218850 ,  31
  0.01167202 ,  14.43274000 ,   0
  0.01050696 ,  12.19490400 ,  69
  0.01087548 ,  11.09842300 ,  75
  0.01051525 ,  12.55704500 ,   0
  0.01258257 ,  13.34193100 ,   0
  0.01139601 ,  11.72962950 ,  85
  0.01137656 ,  13.34840800 , 190
  0.01021190 ,  11.24585150 ,   0
  0.01063264 ,  12.67464200 ,   0
  0.01015744 ,  13.04977100 ,  83
  0.00943619 ,  10.73413600 , 270
  0.00990589 ,  11.51188700 ,  21
  0.00982560 ,  12.05748000 , 205
  0.01014199 ,  12.61029400 ,  88
  0.01040312 ,  12.11833600 ,  93
  0.01013171 ,  11.10309000 ,   0
  0.01306336 ,  15.53984400 ,  35
  0.01077296 ,  12.87691900 ,  64
  0.01178550 ,  13.33942200 , 107
  0.01208824 ,  14.20580200 ,  99
  0.01009591 ,  12.05174200 ,   0
  0.00995520 ,  11.87605800 ,   0
  0.01001252 ,  13.10638300 ,  43
  0.00933925 ,  10.61662400 ,   0
  0.01153070 ,  13.09253400 ,   0
  0.01184483 ,  15.09120600 ,   0
  0.01095290 ,  13.09282600 , 255
  0.01155401 ,  13.56296900 ,   0
  0.01029601 ,  10.51325600 ,   0
  0.00978953 ,  12.48556000 ,   0
  0.01109570 ,  13.33120600 ,   0
  0.01126443 ,  12.80259000 ,   0
  0.01039501 ,  12.30275400 ,   0
  0.01096191 ,  13.66867600 ,  96
  0.00954426 ,  12.59293700 ,   0
  0.01084305 ,  12.61209000 ,   0
  0.01189061 ,  13.62455400 ,  61
  0.01015486 ,  11.14724500 ,   0
  0.00986436 ,  11.87768200 ,  57
  0.01002004 ,  11.35621300 ,   0
  0.01182732 ,  13.68746300 ,  81
  0.00890670 ,  10.94633700 , 147
  0.01065530 ,  12.90117200 ,   0
  0.00916800 ,  12.58308500 ,  31
  0.01074980 ,  13.23085200 ,   0
  0.01024853 ,  14.16167100 , 281
  0.01147776 ,  13.59167900 ,   0
  0.00962927 ,  11.44487300 ,   0
  0.00982801 ,  12.57395600 , 150
  0.01033859 ,  12.56190200 ,  84
  0.01011378 ,  11.84804100 ,  39
  0.01093793 ,  13.49822200 ,   0
  0.00989120 ,  13.13254200 ,  12
  0.01021711 ,  13.85823700 ,   0
  0.00989364 ,  10.73806600 ,   0
  0.01104972 ,  13.60000000 ,   0
  0.00983284 ,  12.02064900 ,   0
  0.00943841 ,  11.54034900 ,  83
  0.00825083 ,  10.19698800 ,   0
  0.01023803 ,  13.74635300 , 121
  0.00959003 ,  13.52625300 ,  87
  0.01058201 ,  12.88915350 ,  63
  0.01102840 ,  13.89247300 ,  43
  0.01156738 ,  15.43927100 , 177
  0.01001252 ,  12.24280400 ,   0
  0.01024328 ,  12.39052500 ,  45
  0.00922509 ,  11.13607000 ,   0
  0.01071237 ,  12.87198700 , 151
  0.00897062 ,  12.04216200 ,   0
  0.01140901 ,  14.46777000 ,   6
  0.01160766 ,  14.19181600 ,   0
  0.00941398 ,  11.76206200 ,   0
  0.01057921 ,  13.73869300 ,   0
  0.00889482 ,   9.85946200 ,   0
  0.01114827 ,  11.80379000 ,  30
  0.01021972 ,  12.53934600 ,  67
  0.00966417 ,  11.93162600 ,   0
  0.01130582 ,  10.59694800 ,   0
  0.00912409 ,  10.73289200 , 179
  0.01017553 ,  13.80030500 , 251
  0.00869943 ,  12.23444900 , 271
  0.00981354 ,  11.88910700 ,  29
  0.00871650 ,  12.14033600 ,  21
  0.00997755 ,  11.06111200 ,  45
  0.00989609 ,  12.87036100 ,   0
  0.01023018 ,  15.66112500 , 423
  0.01028013 ,  14.03726600 ,  18
  0.01037075 ,  15.11200400 , 103
  0.00880669 ,  12.17415200 ,   0
  0.01068376 ,  15.03872900 ,  32
  0.01070091 ,  13.25842700 ,   0
  0.00908678 ,  13.04180000 ,   6
  0.00942951 ,  12.02333800 ,   0
  0.01121391 ,  12.48023500 ,   0
  0.00843170 ,  10.03667800 ,   0
  0.01049869 ,  15.52519700 ,   0
  0.01115760 ,  14.33556500 ,   2
  0.00956480 ,  13.18627500 ,   5
  0.00950570 ,  13.57509500 ,   0
  0.00846561 ,  11.21291000 ,   0
  0.00971110 ,  14.42097600 ,   0
  0.00976086 ,  11.53709100 ,   0
  0.00881446 ,  11.51652700 , 437
  0.01148765 ,  15.32711100 ,   0
  0.00851064 ,  12.03638300 ,  39
  0.00961076 ,  13.45122500 , 157
  0.00972054 ,  14.47168900 , 275
  0.01011378 ,  13.36839500 ,  35
  0.00873744 ,  11.81782400 , 328
  0.00938306 ,  13.29509700 ,   0
  0.00897868 ,  11.28372600 ,   0
  0.00995025 ,  13.73308500 ,  36
  0.00900698 ,  12.17901400 , 225
  0.00900495 ,  13.34128800 ,  18
  0.00956709 ,  13.20545300 , 182
  0.00948092 ,  10.55795200 ,   0
  0.01055966 ,  14.85691600 ,   0
  0.00948317 ,  12.39165500 ,   0
  0.01235330 ,  13.70135900 ,  27
  0.00885936 ,  11.07951300 ,  14
  0.01075558 ,  12.12342100 ,   0
  0.00870890 ,  11.92270850 ,   0
  0.00949217 ,  13.23777900 , 257
  0.00910539 ,  12.85408600 ,   0
  0.00866363 ,  11.79835400 , 252
  0.00979912 ,  13.32704500 ,   0
  0.00934798 ,  12.25917200 ,   0
  0.00908884 ,  11.79368300 ,   0
  0.00972290 ,  12.30019500 , 170
  0.00959693 ,  14.26079700 , 279
  0.00873362 ,  12.81659400 ,  97
  0.00846024 ,  11.96362100 ,   0
  0.00887311 ,  10.78460500 ,   0
  0.00926999 ,  11.77728800 ,   0
  0.01049869 ,  14.46850400 ,  41
  0.01009082 ,  12.70383500 ,   0
  0.01015744 ,  13.87887300 ,   0
  0.00796020 ,   9.73830900 ,   0
  0.00951928 ,  12.47144200 ,   0
  0.00892658 ,  11.81098000 ,   0
  0.00809717 ,  13.18927100 , 155
  0.00973236 ,  13.52262800 ,   7
  0.01034661 ,  13.65442300 ,  87
  0.00811194 ,  13.23159600 , 367
  0.00988875 ,  12.94734300 , 112
  0.00836295 ,  11.66736300 ,   0
  0.01039501 ,  13.32120600 ,  86
  0.00926784 ,  12.99606100 ,  44
  0.00815328 ,  10.47431800 ,   0
  0.00927429 ,  13.75098500 ,   0
  0.00818331 ,   9.88113800 ,   0
  0.00813504 ,  13.72747600 , 281
  0.00972763 ,  12.69941600 ,  11
  0.00814332 ,  11.47149850 , 254
  0.00967586 ,  13.45645900 , 176
  0.00932836 ,  12.84445000 , 120
  0.00895456 ,  11.05059300 ,  18
  0.00891067 ,  13.23769200 ,  24
  0.00817661 ,  11.52473450 ,   0
  0.00931749 ,  10.05707000 ,   0
  0.00882807 ,  12.53189200 ,   0
  0.00875848 ,  13.05298900 , 159
  0.00945403 ,  12.33230900 ,   0
  0.01123280 ,  15.17747800 ,  98
  0.00934579 ,  12.67827100 ,   0
  0.00984252 ,  12.49261900 ,   2
  0.00854336 ,  11.55660000 ,   0
  0.01044932 ,  15.77298800 ,   3
  0.01043569 ,  15.40725300 ,   0
  0.00939188 ,  12.36581300 ,   0
  0.00809062 ,  11.67050900 ,   0
  0.01085776 ,  15.45901200 ,   0
  0.00767902 ,  13.15070100 , 541
  0.00919752 ,  13.88434100 ,  53
  0.00808407 ,  10.43027500 ,   0
  0.00896861 ,  11.60560500 ,   0
  0.00870701 ,  12.48411000 , 158
  0.01026958 ,  14.45596900 ,   0
  0.00879701 ,  12.73872900 , 283
  0.00802246 ,  11.38527900 ,   0
  0.00945403 ,  12.92176800 ,   0
  0.00822537 ,  13.35698100 , 227
  0.00936111 ,  12.82611750 ,  88
  0.00794913 ,  10.71800500 ,   0
  0.00904773 ,  13.73331800 ,  95
  0.00801282 ,  13.16786900 , 302
  0.00770119 ,  11.80766300 ,   0
  0.00904977 ,  14.38800900 , 432
  0.00832986 ,   9.14264900 ,   0
  0.00841043 ,  11.08873000 ,   0
  0.00879314 ,  14.31325500 ,  49
  0.00948992 ,  13.19478000 ,   0
  0.01091107 ,  15.64811800 ,   8
  0.00855432 ,  13.24508100 ,   0
  0.00887115 ,  12.48547400 ,  15
  0.00853606 ,  14.17370900 , 307
  0.00768049 ,  12.53283400 ,   0
  0.00704473 ,  12.13420200 , 427
  0.00930882 ,  12.34023800 ,   0
  0.00876040 ,  12.78843600 ,   0
  0.00830737 ,  15.01433000 , 274
  0.00737871 ,   9.39955700 ,   0
  0.00925926 ,  15.77268500 ,  40
  0.00818331 ,  13.21644900 ,  20
  0.00852697 ,  12.97228700 ,   0
  0.00827472 ,  11.22879600 ,   0
  0.00774144 ,  13.50435450 , 439
  0.00859291 ,  11.35338300 ,   0
  0.00747105 ,  10.22487800 , 112
  0.00768197 ,  10.92433300 ,   0
  0.00912409 ,  12.24657800 ,  76
  0.00801764 ,  11.22549600 , 130
  0.00900495 ,  14.83723500 ,  11
  0.00858185 ,  12.41750700 ,  13
  0.00765111 ,  10.38848500 ,   0
  0.00921871 ,  12.67711450 ,   0
  0.00705716 ,   8.84844800 ,   0
  0.00833681 ,  11.47832400 ,   0
  0.01040583 ,  17.87539100 , 376
  0.00865988 ,  13.59060400 ,  91
  0.00727670 ,  12.03729300 ,   0
  0.00952154 ,  15.84122850 , 231
  0.00771605 ,  11.84838000 , 417
  0.00719554 ,  10.86076600 , 116
  0.00734349 ,  11.87295700 , 230
  0.00910954 ,  13.91323200 ,   0
  0.00807265 ,  12.77739600 ,   0
  0.00911577 ,  15.05378300 ,  11
  0.00791139 ,  11.91020600 ,   0
  0.00879701 ,  13.62238900 ,   0
  0.00841574 ,  10.94487700 ,  69
  0.00898271 ,  13.87940700 ,   0
  0.00798563 ,  11.95029000 ,   0
  0.00694324 ,   8.45148400 ,  63
  0.00878156 ,  14.86103200 , 228
  0.00992556 ,  13.56029800 ,   0
  0.00826617 ,  13.81318500 , 201
  0.00982077 ,  14.97643000 ,   0
  0.00773395 ,  13.26740200 , 594
  0.00789110 ,  13.11915600 ,   0
  0.00956709 ,  14.51183900 ,  26
  0.00795387 ,  11.66315400 ,   0
  0.00812843 ,  11.71001800 ,   0
  0.00816994 ,  12.39236100 ,  41
  0.00757719 ,  12.18242100 , 165
  0.00907647 ,  13.85545700 , 152
  0.00835596 ,  11.60016700 , 181
  0.00958543 ,  13.30841200 ,   0
  0.00715948 ,   9.24807550 ,   0
  0.00768935 ,  13.94463600 , 423
  0.00657246 ,   8.19273800 ,   0
  0.00846024 ,  13.39763100 ,   0
  0.00860585 ,  15.35197900 , 411
  0.00965484 ,  14.41781300 ,   0
  0.00864117 ,  11.68891800 ,  80
  0.00873362 ,  12.40436650 ,   0
  0.00707714 ,  10.87172700 ,  62
  0.00676704 ,   8.77161200 ,  46
  0.00785855 ,  11.98821300 , 307
  0.00832293 ,  12.00478600 ,   7
  0.00781403 ,  11.95682700 ,   0
  0.00737599 ,  11.37451600 ,  70
  0.00792707 ,  11.83868400 ,   0
  0.00937427 ,  13.93484900 ,   0
  0.00753012 ,  12.40041400 ,  35
  0.00735835 ,   9.19370800 ,  32
  0.00798722 ,  12.87140600 ,  66
  0.00742253 ,  13.21618100 , 254
  0.00796020 ,  11.00457700 ,  34
  0.00874126 ,  13.80900400 , 143
  0.00785700 ,  13.48084800 ,  92
  0.00749064 ,  13.24644200 , 400
  0.00837170 ,  13.06739200 ,   0
  0.00921022 ,  15.25143900 ,  41
  0.00876616 ,  12.92789800 ,  63
  0.00772499 ,  11.44341500 ,  54
  0.00869376 ,  13.23820900 , 133
  0.00749766 ,  11.91902500 ,   0
  0.00765697 ,  11.86370600 , 110
  0.00813173 ,  13.01809300 ,   0
  0.00781708 ,  13.47078300 , 279
  0.00927644 ,  15.00301500 ,   0
  0.00757432 ,  11.56523400 ,   0
  0.00871460 ,  12.99695000 ,   0
  0.00862069 ,  14.77155200 ,   0
  0.00796813 ,  12.13585700 ,   0
  0.00753722 ,  12.55775400 ,   0
  0.00777001 ,  13.56915300 ,  57
  0.00766577 ,  11.33652800 ,   0
  0.00704846 ,  11.52246700 ,   0
  0.00829359 ,  10.48538200 ,   0
  0.00686106 ,  10.96192100 , 162
  0.00761615 ,  15.30978700 , 614
  0.00723197 ,  12.84270500 , 136
  0.00970638 ,  14.21451100 ,   0
  0.00692761 ,   9.60963000 ,   0
  0.00812018 ,  13.67235100 ,   0
  0.00672156 ,  10.84271500 ,   0
  0.00858553 ,  11.78665000 ,   0
  0.00903751 ,  13.15070100 ,   0
  0.00726876 ,  11.06305700 , 167
  0.00792236 ,  13.34977200 , 128
  0.00776850 ,  10.21208000 ,   0
  0.00889086 ,  11.03200700 ,   0
  0.00751880 ,  12.40714300 ,  32
  0.00889284 ,  13.03779400 ,   0
  0.00817494 ,  13.55037800 ,  84
  0.00668003 ,  11.34251900 ,  23
  0.00704722 ,  12.01779500 ,   0
  0.00694686 ,  13.52691900 ,  81
  0.00777001 ,  12.20765300 ,   0
  0.00832120 ,  13.71645500 ,   0
  0.00776096 ,  13.18606950 ,   0
  0.00637552 ,  11.77749400 ,  69
  0.00728996 ,  13.00164000 , 531
  0.00680156 ,  11.21561000 ,   0
  0.00825764 ,  13.79954600 , 115
  0.00833681 ,  12.53668200 ,   0
  0.00789266 ,  11.58149100 , 171
  0.01030662 ,  16.69750000 ,  31
  0.00802246 ,  11.27236300 ,   0
  0.00831255 ,  12.54260200 ,   0
  0.00799520 ,  13.47091800 ,   0
  0.00819840 ,  13.22853100 ,   0
  0.00767902 ,  14.93741600 , 100
  0.00688942 ,  13.47450900 ,  60
  0.00725689 ,  12.13316400 ,   0
  0.00695048 ,  11.88323200 ,   0
  0.00704225 ,  10.81566900 ,   0
  0.00740604 ,  12.00185100 ,   0
  0.00682128 ,  11.95088700 , 164
  0.00666112 ,  10.40066600 , 143
  0.00724769 ,  11.02572900 ,   0
  0.00771456 ,  11.83433000 ,   0
  0.00663900 ,  12.66356850 ,   0
  0.00735971 ,  11.99411200 ,   0
  0.00665779 ,  14.60086500 , 577