  0.15366885 106.30733500   0
  0.14646650  93.70743600   0
  0.15145779  97.79137000   0
  0.15426147  97.21442400   1
  0.15191796  95.20243000   0
  0.15372790  96.25096000   0
  0.15594542 107.38635000   0
  0.16077170 109.02170600   0
  0.15649453 106.98474000   0
  0.15249714  98.64392000   0
  0.14678898  98.81211000   0
  0.14908685  97.35483000   0
  0.14662756  94.52236000   0
  0.15546055 102.50330000   2
  0.15766653 109.07213600   4
  0.15791552 104.72285500   1
  0.15197569 106.28913000  16
  0.15420200 100.99576000  10
  0.15467905 102.08662000   0
  0.15060242 102.16981000   0
  0.15497869 101.88105000   0
  0.14914243  95.15958400   5
  0.15180266  99.29716000   0
  0.15071590  99.94272600   0
  0.15157257 104.69533500   0
  0.15910900 105.48727400   3
  0.15936255 105.07609600   0
  0.15432099 102.87693000   5
  0.14727540  94.79970600   0
  0.14646650  97.66422000   0
  0.15582392 100.22204600   1
  0.15612802 104.99570500   3
  0.16122532 102.75574500   0
  0.15631106 103.63541000   2
  0.14803849 104.04256400   2
  0.15378700  98.79700500   0
  0.15278839 103.22002000   4
  0.15396460  98.14626000   0
  0.14771049  94.31905000   1
  0.15360983  98.55453500   0
  0.15515904 102.25989000   9
  0.15325670 105.10574000   9
  0.15163003  98.84382000   0
  0.16129032 112.79194000  13
  0.15360983 104.03879000   4
  0.15631106 106.37437000  13
  0.14798371  97.97040600   0
  0.14919806  97.68706000   0
  0.15810277 104.68301000   3
  0.15088646 104.92644500   0
  0.14970060  99.36078000   0
  0.15337424 101.70207000   3
  0.15509887 104.93758000   3
  0.15873016 105.87936400   0
  0.14942099 100.22264000   0
  0.15366885 102.65232000   3
  0.15673982 102.43809000   0
  0.16025642 106.16666400   0
  0.15249714  97.84979000   4
  0.15319800 106.46458000   8
  0.14975664  95.10895000   4
  0.14964460  97.22858400   0
  0.15100038 105.58852400   0
  0.15157257 103.58734000   1
  0.15249714 104.46207000   6
  0.15467905 104.99574000   0
  0.15594542 105.00117000   4
  0.15343307 103.88837400   0
  0.15829046 105.80451000   1
  0.15366885  96.90780000   0
  0.15735641  98.66405000   0
  0.15313935 100.75727000   0
  0.15111446  98.60068000   3
  0.15122874  97.23743000   4
  0.14587893  99.73122000   1
  0.15396460 104.91878500   0
  0.15267175 107.30191000   0
  0.15325670 104.11417400   0
  0.15366885 103.44641000   0
  0.15214911  96.77558000   0
  0.15509887 101.59480000   0
  0.15558149 103.60910000   0
  0.15455951  98.67117000   0
  0.15637216 103.30453500   0
  0.15509887 102.75223000   0
  0.15449981 104.01004000   0
  0.15432099  98.62346000   3
  0.15748031 103.81732000   0
  0.15290520 101.40940000   0
  0.15723270 104.79560000   7
  0.15054573 102.00640000   0
  0.15302218 101.92961000   0
  0.15378700  95.00154000   0
  0.15582392 101.38216000   0
  0.15546055 103.68830000   0
  0.15509887 102.95967000   0
  0.15785320 109.03591000   0
  0.15558149 101.11980000   0
  0.14975664 100.42793000   0
  0.16006403 101.59023000   0